L(000,000)
G(100,000)
J(200,000)

5(900,100)
4(900,200)
4(900,300)
5(900,300)
2(900,200)
4(900,400)
5(900,500)
5(900,500)
5(900,000)
4(900,200)
5(900,500)
5(900,000)
4(900,200)
4(900,300)
2(900,200)
4(900,400)
5(900,000)
4(900,200)
5(900,500)
5(900,000)
4(900,200)
4(900,300)
2(900,200)
4(900,400)
5(900,500)
5(900,500)
5(900,000)
4(900,200)
5(900,500)
5(900,000)
4(900,200)
4(900,300)
5(900,100)
4(900,200)
4(900,300)
5(900,300)
2(900,200)
4(900,400)
5(900,500)
5(900,500)
5(900,000)
4(900,200)
5(900,500)
5(900,000)
4(900,200)
4(900,300)
2(900,200)
4(900,400)
5(900,000)
4(900,200)
5(900,500)
5(900,000)
4(900,200)
4(900,300)
2(900,200)
4(900,400)
5(900,500)
5(900,500)
5(900,000)
4(900,200)
5(900,500)
5(900,000)
4(900,200)
4(900,300)